	论语	汉唐	习
子:	975	35	22
曰:	756	22	0
之:	612	157	65
不:	584	88	276
也:	532	27	10
而:	342	53	208
其:	267	31	25
人:	219	29	41
者:	219	18	60
以:	210	51	30
有:	203	64	24
于:	183	29	35
矣:	182	8	0
为:	171	19	13
乎:	159	13	4
君:	158	46	11
可:	156	29	25
如:	153	8	43
与:	142	7	1
言:	129	11	14
无:	127	16	16
则:	123	9	37
问:	119	0	0
何:	118	3	0
吾:	115	14	0
知:	114	7	35
仁:	110	9	3
夫:	101	4	0
道:	89	26	25
焉:	88	1	8
行:	82	6	19
谓:	77	4	0
礼:	76	9	1
孔:	74	7	0
必:	74	3	37
三:	70	10	5
斯:	69	4	0
能:	69	4	0
见:	67	7	9
学:	65	2	22
事:	61	10	0
哉:	61	5	0
闻:	61	2	1
是:	60	8	0
未:	59	6	0
公:	57	1	0
好:	53	5	25
我:	53	1	8
路:	53	0	0
在:	51	15	0
大:	51	8	2
得:	50	26	5
民:	50	4	0
天:	49	31	5
小:	49	0	0
所:	48	6	32
邦:	48	5	0
乐:	48	4	19
已:	47	7	6
使:	47	5	0
下:	46	23	1
亦:	46	2	12
贡:	44	0	0
欲:	43	5	66	****
诸:	43	2	0
文:	42	16	4
政:	42	9	3
善:	42	8	8
从:	42	6	4
后:	41	5	8
食:	41	4	0
德:	40	11	10
然:	39	8	0
恶:	39	4	0
求:	39	2	0
对:	39	0	0
信:	38	4	35
死:	38	2	6
由:	35	2	0
仲:	35	0	0
一:	33	12	9
非:	33	3	0
过:	32	10	0
出:	32	0	0
足:	31	18	0
虽:	30	3	0
己:	29	9	26
居:	29	3	0
父:	29	3	0
及:	29	0	0
夏:	29	0	0
予:	28	10	0
尔:	28	1	0
成:	27	11	3
远:	27	7	39	****
友:	27	2	18
上:	27	1	0
色:	27	0	0
臣:	26	36	0
中:	26	16	0
今:	26	6	0
齐:	26	3	8
立:	26	0	23
张:	26	0	0
思:	25	0	49	****
贤:	25	0	9
义:	24	24	14
命:	24	7	2
正:	24	3	1
敢:	23	8	0
犹:	23	3	6
门:	23	1	0
伯:	23	1	0
曾:	23	1	0
丧:	22	4	0
难:	22	3	0
敬:	22	2	0
日:	22	2	0
直:	22	1	4
季:	22	1	0
生:	22	0	2
自:	21	3	13
周:	21	2	0
用:	21	1	3
说:	21	1	0
颜:	21	0	0
告:	20	9	0
年:	20	9	0
十:	20	7	8
师:	20	3	4
怨:	20	3	1
达:	20	1	13
孝:	19	6	0
先:	19	5	0
弟:	19	3	4
至:	19	2	0
士:	19	0	2
多:	19	0	2
女:	19	0	0
四:	18	15	4
忠:	18	3	0
莫:	18	1	0
冉:	18	1	0
身:	18	1	0
服:	18	0	4
丘:	18	0	0
疾:	18	0	0
百:	17	25	0
安:	17	7	2
失:	17	3	0
耻:	17	3	0
将:	17	2	0
富:	17	1	4
志:	17	1	1
朝:	17	1	0
患:	17	0	60	****
宰:	17	0	0
氏:	17	0	0
回:	17	0	0
赐:	17	0	0
孰:	16	5	0
渊:	16	1	6
云:	16	1	1
叔:	16	1	0
勇:	16	1	0
或:	16	1	0
衣:	16	0	0
若:	16	0	0
入:	16	0	0
方:	15	9	17	****
皆:	15	2	8
五:	15	2	2
忧:	15	2	1
孙:	15	2	0
故:	15	1	6
唯:	15	1	0
又:	15	0	0
语:	15	0	0
世:	15	0	0
马:	15	0	0
乱:	15	0	0
称:	14	11	0
武:	14	10	0
执:	14	6	0
改:	14	4	2
美:	14	4	0
进:	14	1	0
既:	14	1	0
祭:	14	1	0
二:	14	0	0
举:	14	0	0
游:	14	0	0
诗:	14	0	0
恭:	13	3	0
去:	13	2	0
勿:	13	1	52	****
谁:	13	1	0
力:	13	1	0
众:	13	1	0
请:	13	0	0
管:	13	0	0
退:	13	0	0
违:	13	0	0
古:	12	7	0
且:	12	4	4
鲁:	12	4	0
党:	12	2	0
南:	12	1	0
长:	12	1	0
哀:	12	0	4
益:	12	0	1
陈:	12	0	0
惠:	12	0	0
适:	12	0	0
取:	12	0	0
易:	12	0	0
终:	11	4	8
家:	11	4	0
躬:	11	3	0
兄:	11	2	6
观:	11	2	0
归:	11	2	0
利:	11	1	1
乡:	11	1	0
亡:	11	1	0
夷:	11	1	0
时:	11	1	0
寡:	11	0	24	****
往:	11	0	2
近:	11	0	2
明:	11	0	0
奚:	11	0	0
樊:	11	0	0
孟:	11	0	0
异:	11	0	0
作:	11	0	0
久:	10	6	0
国:	10	5	2
卫:	10	3	0
母:	10	3	0
畏:	10	2	0
杀:	10	1	0
尝:	10	1	0
六:	10	1	0
来:	10	0	27	****
蔽:	10	0	2
月:	10	0	0
佞:	10	0	0
次:	10	0	0
辟:	10	0	0
相:	10	0	0
劳:	10	0	0
迟:	10	0	0
固:	10	0	0
令:	10	0	0
谋:	9	4	0
兴:	9	3	0
复:	9	3	0
致:	9	3	0
隐:	9	2	0
宗:	9	2	0
山:	9	1	1
老:	9	1	0
同:	9	0	33	****
朋:	9	0	10	****
贫:	9	0	8
厌:	9	0	4
惑:	9	0	2
敏:	9	0	1
召:	9	0	0
期:	9	0	0
怀:	9	0	0
苟:	9	0	0
反:	9	0	0
愚:	9	0	0
亲:	9	0	0
爱:	9	0	0
乘:	9	0	0
修:	8	5	4
室:	8	3	0
岂:	8	2	0
质:	8	1	4
受:	8	1	0
病:	8	1	0
听:	8	1	0
废:	8	1	0
加:	8	1	0
名:	8	1	0
庙:	8	1	0
泰:	8	1	0
和:	8	0	36	****
贵:	8	0	5
止:	8	0	0
桓:	8	0	0
舜:	8	0	0
圣:	8	0	0
毋:	8	0	0
少:	8	0	0
简:	8	0	0
狂:	8	0	0
赤:	8	0	0
容:	8	0	0
位:	8	0	0
车:	8	0	0
康:	8	0	0
视:	8	0	0
骄:	8	0	0
内:	7	9	9	****
危:	7	6	0
王:	7	5	0
慎:	7	4	8	****
让:	7	2	1
笃:	7	2	0
司:	7	2	0
始:	7	2	0
教:	7	1	1
才:	7	1	0
伐:	7	1	0
冕:	7	0	0
徒:	7	0	0
费:	7	0	0
牛:	7	0	0
弓:	7	0	0
裘:	7	0	0
仕:	7	0	0
惧:	7	0	0
处:	7	0	0
神:	7	0	0
升:	7	0	0
殷:	7	0	0
枉:	7	0	0
比:	7	0	0
譬:	7	0	0
战:	6	24	3
姓:	6	22	0
罪:	6	7	0
临:	6	6	6
巍:	6	4	0
俭:	6	4	0
节:	6	4	0
间:	6	3	2
治:	6	3	0
约:	6	3	0
施:	6	2	39	****
各:	6	2	5
舍:	6	2	0
旧:	6	2	0
切:	6	2	0
荡:	6	1	6
末:	6	1	0
谷:	6	1	0
闵:	6	1	0
尽:	6	1	0
庄:	6	1	0
没:	6	1	0
尼:	6	0	0
怡:	6	0	0
趋:	6	0	0
拜:	6	0	0
气:	6	0	0
饭:	6	0	0
肉:	6	0	0
识:	6	0	0
变:	6	0	0
动:	6	0	0
手:	6	0	0
辞:	6	0	0
愿:	6	0	0
墙:	6	0	0
寝:	6	0	0
贾:	6	0	0
笑:	6	0	0
弗:	6	0	0
损:	6	0	0
器:	6	0	0
心:	6	0	0
七:	6	0	0
免:	6	0	0
辱:	6	0	0
刑:	5	7	0
温:	5	3	3
军:	5	3	0
弃:	5	3	0
禄:	5	2	0
草:	5	1	0
侯:	5	1	0
鼓:	5	1	0
守:	5	1	0
博:	5	1	0
骞:	5	1	0
章:	5	1	0
数:	5	1	0
喜:	5	1	0
里:	5	1	0
木:	5	1	0
征:	5	1	0
本:	5	0	16	****
任:	5	0	13	****
谏:	5	0	8	****
射:	5	0	4
诲:	5	0	4
夺:	5	0	2
宿:	5	0	2
倦:	5	0	1
戒:	5	0	0
臾:	5	0	0
颛:	5	0	0
矜:	5	0	0
景:	5	0	0
贼:	5	0	0
鲤:	5	0	0
阶:	5	0	0
臧:	5	0	0
玉:	5	0	0
禹:	5	0	0
鄙:	5	0	0
厉:	5	0	0
恆:	5	0	0
忘:	5	0	0
歌:	5	0	0
衰:	5	0	0
甚:	5	0	0
尧:	5	0	0
九:	5	0	0
华:	5	0	0
侍:	5	0	0
微:	5	0	0
希:	5	0	0
他:	5	0	0
尹:	5	0	0
刚:	5	0	0
宾:	5	0	0
妻:	5	0	0
几:	5	0	0
盖:	5	0	0
饮:	5	0	0
放:	5	0	0
堂:	5	0	0
雍:	5	0	0
鬼:	5	0	0
书:	5	0	0
阙:	5	0	0
酒:	5	0	0
因:	5	0	0
抑:	5	0	0
厚:	5	0	0
主:	5	0	0
余:	5	0	0
千:	5	0	0
鲜:	5	0	0
海:	4	9	4
旅:	4	4	0
报:	4	3	1
高:	4	3	0
官:	4	3	0
择:	4	2	4
匡:	4	2	0
欺:	4	2	0
左:	4	2	0
商:	4	2	0
发:	4	2	0
谅:	4	1	4
弘:	4	1	4
鸟:	4	1	0
雅:	4	1	0
恐:	4	1	0
宽:	4	1	0
攻:	4	1	0
重:	4	0	22	****
果:	4	0	5	****
殆:	4	0	5	****
交:	4	0	4
伤:	4	0	1
逸:	4	0	0
阳:	4	0	0
毁:	4	0	0
群:	4	0	0
柳:	4	0	0
声:	4	0	0
偲:	4	0	0
硁:	4	0	0
崇:	4	0	0
庶:	4	0	0
瑟:	4	0	0
恸:	4	0	0
李:	4	0	0
风:	4	0	0
东:	4	0	0
杖:	4	0	0
坐:	4	0	0
席:	4	0	0
鱼:	4	0	0
誾:	4	0	0
侃:	4	0	0
便:	4	0	0
困:	4	0	0
待:	4	0	0
沽:	4	0	0
前:	4	0	0
绝:	4	0	0
宫:	4	0	0
昔:	4	0	0
西:	4	0	0
童:	4	0	0
畔:	4	0	0
觚:	4	0	0
水:	4	0	0
胜:	4	0	0
偃:	4	0	0
艺:	4	0	0
粟:	4	0	0
幸:	4	0	0
疏:	4	0	0
贱:	4	0	0
羊:	4	0	0
祷:	4	0	0
兮:	4	0	0
揖:	4	0	0
舞:	4	0	0
错:	4	0	0
干:	4	0	0
察:	4	0	0
养:	4	0	0
葬:	4	0	0
御:	4	0	0
踰:	4	0	0
共:	4	0	0
威:	4	0	0
省:	4	0	0
巧:	4	0	0
犯:	4	0	0
稷:	3	8	0
社:	3	8	0
匹:	3	4	0
虞:	3	4	0
兵:	3	3	0
克:	3	3	0
邑:	3	3	0
授:	3	2	0
夜:	3	2	0
继:	3	2	0
履:	3	1	9	****
孤:	3	1	9	****
贯:	3	1	6	****
速:	3	1	3
邻:	3	1	3
帝:	3	1	0
润:	3	1	0
俟:	3	1	0
降:	3	1	0
似:	3	1	0
洁:	3	1	0
讼:	3	1	0
韶:	3	1	0
宁:	3	1	0
忍:	3	1	0
惟:	3	1	0
饱:	3	1	0
罔:	3	0	20	****
虑:	3	0	4	****
新:	3	0	3
功:	3	0	2
当:	3	0	1
尊:	3	0	0
拒:	3	0	0
溺:	3	0	0
桀:	3	0	0
系:	3	0	0
血:	3	0	0
火:	3	0	0
郑:	3	0	0
舆:	3	0	0
穷:	3	0	0
磬:	3	0	0
击:	3	0	0
寮:	3	0	0
优:	3	0	0
彼:	3	0	0
稼:	3	0	0
忿:	3	0	0
盗:	3	0	0
愬:	3	0	0
肤:	3	0	0
独:	3	0	0
讱:	3	0	0
会:	3	0	0
哂:	3	0	0
皙:	3	0	0
弒:	3	0	0
噫:	3	0	0
椁:	3	0	0
量:	3	0	0
冠:	3	0	0
羔:	3	0	0
亵:	3	0	0
鞠:	3	0	0
勃:	3	0	0
权:	3	0	0
地:	3	0	0
诈:	3	0	0
循:	3	0	0
忽:	3	0	0
瞽:	3	0	0
空:	3	0	0
分:	3	0	0
慢:	3	0	0
貌:	3	0	0
勐:	3	0	0
巫:	3	0	0
叶:	3	0	0
诺:	3	0	0
河:	3	0	0
虎:	3	0	0
暴:	3	0	0
启:	3	0	0
脩:	3	0	0
窃:	3	0	0
述:	3	0	0
矢:	3	0	0
逝:	3	0	0
史:	3	0	0
野:	3	0	0
陋:	3	0	0
原:	3	0	0
短:	3	0	0
乃:	3	0	0
面:	3	0	0
甯:	3	0	0
崔:	3	0	0
蔡:	3	0	0
藏:	3	0	0
平:	3	0	0
产:	3	0	0
申:	3	0	0
望:	3	0	0
屡:	3	0	0
逮:	3	0	0
参:	3	0	0
尚:	3	0	0
绎:	3	0	0
摄:	3	0	0
定:	3	0	0
每:	3	0	0
素:	3	0	0
争:	3	0	0
戚:	3	0	0
彻:	3	0	0
庭:	3	0	0
悔:	3	0	0
尤:	3	0	0
疑:	3	0	0
端:	3	0	0
顺:	3	0	0
耳:	3	0	0
谄:	3	0	0
就:	3	0	0
竭:	3	0	0
谨:	3	0	0
愠:	3	0	0
习:	3	0	0
兢:	2	22	7	****
昭:	2	9	0
罚:	2	7	0
万:	2	4	0
皇:	2	4	0
唐:	2	4	0
朕:	2	3	0
追:	2	2	10	****
情:	2	2	0
秀:	2	2	0
弥:	2	2	0
仰:	2	2	0
妇:	2	2	0
盛:	2	2	0
实:	2	2	0
豆:	2	2	0
彬:	2	2	0
性:	2	2	0
昼:	2	2	0
郁:	2	2	0
奢:	2	2	0
薄:	2	1	8	****
深:	2	1	6	****
兽:	2	1	0
工:	2	1	0
到:	2	1	0
绰:	2	1	0
诚:	2	1	0
谮:	2	1	0
浸:	2	1	0
瓜:	2	1	0
缁:	2	1	0
岁:	2	1	0
鸣:	2	1	0
灭:	2	1	0
口:	2	1	0
讷:	2	1	0
恕:	2	1	0
颠:	2	1	0
柏:	2	1	0
松:	2	1	0
代:	2	1	0
均:	2	0	14	****
务:	2	0	6	****
毅:	2	0	4	****
喻:	2	0	4	****
淫:	2	0	4	****
浮:	2	0	2
贪:	2	0	0
俨:	2	0	0
连:	2	0	0
伦:	2	0	0
丈:	2	0	0
滔:	2	0	0
津:	2	0	0
沮:	2	0	0
楚:	2	0	0
黜:	2	0	0
流:	2	0	0
朱:	2	0	0
肆:	2	0	0
肸:	2	0	0
佛:	2	0	0
鸡:	2	0	0
涂:	2	0	0
遇:	2	0	0
亢:	2	0	0
侮:	2	0	0
崩:	2	0	0
某:	2	0	0
蹈:	2	0	0
泣:	2	0	0
耕:	2	0	0
誉:	2	0	0
并:	2	0	0
幼:	2	0	0
荷:	2	0	0
栖:	2	0	0
蘧:	2	0	0
灵:	2	0	0
纠:	2	0	0
谲:	2	0	0
要:	2	0	0
讨:	2	0	0
即:	2	0	0
备:	2	0	0
狷:	2	0	0
斗:	2	0	0
合:	2	0	0
屋:	2	0	0
圃:	2	0	0
赦:	2	0	0
汤:	2	0	0
选:	2	0	0
慝:	2	0	0
辨:	2	0	0
鞹:	2	0	0
驷:	2	0	0
承:	2	0	0
雩:	2	0	0
浴:	2	0	0
春:	2	0	0
点:	2	0	0
饥:	2	0	0
闲:	2	0	0
论:	2	0	0
亿:	2	0	0
货:	2	0	0
白:	2	0	0
绥:	2	0	0
负:	2	0	0
式:	2	0	0
狎:	2	0	0
绅:	2	0	0
首:	2	0	0
馈:	2	0	0
市:	2	0	0
割:	2	0	0
馁:	2	0	0
玄:	2	0	0
）:	2	0	0
半:	2	0	0
（:	2	0	0
紫:	2	0	0
饰:	2	0	0
愉:	2	0	0
蹜:	2	0	0
圭:	2	0	0
屏:	2	0	0
顾:	2	0	0
翼:	2	0	0
右:	2	0	0
躩:	2	0	0
踖:	2	0	0
踧:	2	0	0
恂:	2	0	0
诵:	2	0	0
法:	2	0	0
惜:	2	0	0
覆:	2	0	0
篑:	2	0	0
椟:	2	0	0
瞻:	2	0	0
坚:	2	0	0
钻:	2	0	0
叹:	2	0	0
喟:	2	0	0
裳:	2	0	0
凤:	2	0	0
叩:	2	0	0
试:	2	0	0
纵:	2	0	0
搏:	2	0	0
沟:	2	0	0
悾:	2	0	0
洋:	2	0	0
挚:	2	0	0
吝:	2	0	0
绞:	2	0	0
吴:	2	0	0
败:	2	0	0
盈:	2	0	0
图:	2	0	0
哭:	2	0	0
侧:	2	0	0
隅:	2	0	0
愤:	2	0	0
夭:	2	0	0
户:	2	0	0
鮀:	2	0	0
祝:	2	0	0
城:	2	0	0
儒:	2	0	0
巷:	2	0	0
川:	2	0	0
轻:	2	0	0
盍:	2	0	0
乞:	2	0	0
再:	2	0	0
清:	2	0	0
晏:	2	0	0
枨:	2	0	0
朽:	2	0	0
愈:	2	0	0
客:	2	0	0
束:	2	0	0
雕:	2	0	0
土:	2	0	0
议:	2	0	0
纯:	2	0	0
坫:	2	0	0
两:	2	0	0
塞:	2	0	0
树:	2	0	0
遂:	2	0	0
栗:	2	0	0
睢:	2	0	0
关:	2	0	0
获:	2	0	0
媚:	2	0	0
指:	2	0	0
禘:	2	0	0
宋:	2	0	0
目:	2	0	0
狄:	2	0	0
林:	2	0	0
穆:	2	0	0
八:	2	0	0
劝:	2	0	0
害:	2	0	0
叟:	2	0	0
私:	2	0	0
馔:	2	0	0
别:	2	0	0
犬:	2	0	0
磨:	2	0	0
禽:	2	0	0
惮:	2	0	0
传:	2	0	0
允:	1	5	0
际:	1	4	0
总:	1	3	0
格:	1	3	0
良:	1	3	0
卒:	1	2	0
貊:	1	2	0
蛮:	1	2	0
俎:	1	2	0
衽:	1	2	0
被:	1	2	0
存:	1	2	0
起:	1	2	0
冰:	1	1	7	****
坦:	1	1	4	****
永:	1	1	0
历:	1	1	0
匏:	1	1	0
涅:	1	1	0
扶:	1	1	0
持:	1	1	0
阴:	1	1	0
助:	1	1	0
寒:	1	1	0
颂:	1	1	0
尺:	1	1	0
讲:	1	1	0
绁:	1	1	0
缧:	1	1	0
监:	1	1	0
磋:	1	1	0
弋:	1	0	8	****
纲:	1	0	8	****
钓:	1	0	4	****
类:	1	0	1
纳:	1	0	0
虐:	1	0	0
度:	1	0	0
审:	1	0	0
赉:	1	0	0
牡:	1	0	0
咨:	1	0	0
荣:	1	0	0
陵:	1	0	0
宜:	1	0	0
仞:	1	0	0
窥:	1	0	0
肩:	1	0	0
常:	1	0	0
坠:	1	0	0
更:	1	0	0
纣:	1	0	0
散:	1	0	0
诬:	1	0	0
区:	1	0	0
应:	1	0	0
扫:	1	0	0
洒:	1	0	0
谤:	1	0	0
泥:	1	0	0
嘉:	1	0	0
騧:	1	0	0
随:	1	0	0
突:	1	0	0
襄:	1	0	0
汉:	1	0	0
兆:	1	0	0
播:	1	0	0
秦:	1	0	0
缺:	1	0	0
缭:	1	0	0
亚:	1	0	0
黍:	1	0	0
拱:	1	0	0
芸:	1	0	0
植:	1	0	0
勤:	1	0	0
莜:	1	0	0
怃:	1	0	0
辍:	1	0	0
耰:	1	0	0
耦:	1	0	0
接:	1	0	0
奴:	1	0	0
箕:	1	0	0
讦:	1	0	0
徼:	1	0	0
窒:	1	0	0
讪:	1	0	0
弈:	1	0	0
通:	1	0	0
甘:	1	0	0
旨:	1	0	0
锦:	1	0	0
稻:	1	0	0
燧:	1	0	0
坏:	1	0	0
悲:	1	0	0
孺:	1	0	0
物:	1	0	0
详:	1	0	0
攷:	1	0	0
戾:	1	0	0
廉:	1	0	0
窬:	1	0	0
穿:	1	0	0
荏:	1	0	0
钟:	1	0	0
帛:	1	0	0
迩:	1	0	0
磷:	1	0	0
牟:	1	0	0
走:	1	0	0
扰:	1	0	0
戏:	1	0	0
刀:	1	0	0
莞:	1	0	0
弦:	1	0	0
移:	1	0	0
亟:	1	0	0
迷:	1	0	0
宝:	1	0	0
豚:	1	0	0
饿:	1	0	0
探:	1	0	0
聪:	1	0	0
壮:	1	0	0
躁:	1	0	0
愆:	1	0	0
宴:	1	0	0
佚:	1	0	0
柔:	1	0	0
陪:	1	0	0
萧:	1	0	0
戈:	1	0	0
析:	1	0	0
离:	1	0	0
倾:	1	0	0
龟:	1	0	0
柙:	1	0	0
兕:	1	0	0
列:	1	0	0
域:	1	0	0
蒙:	1	0	0
贞:	1	0	0
借:	1	0	0
慧:	1	0	0
责:	1	0	0
辂:	1	0	0
卷:	1	0	0
衡:	1	0	0
倚:	1	0	0
州:	1	0	0
滥:	1	0	0
粮:	1	0	0
胫:	1	0	0
壤:	1	0	0
冢:	1	0	0
薨:	1	0	0
揭:	1	0	0
浅:	1	0	0
蒉:	1	0	0
晨:	1	0	0
石:	1	0	0
骥:	1	0	0
亩:	1	0	0
觉:	1	0	0
逆:	1	0	0
暇:	1	0	0
沐:	1	0	0
怍:	1	0	0
圉:	1	0	0
僎:	1	0	0
渎:	1	0	0
经:	1	0	0
霸:	1	0	0
晋:	1	0	0
防:	1	0	0
卞:	1	0	0
薛:	1	0	0
滕:	1	0	0
魏:	1	0	0
赵:	1	0	0
齿:	1	0	0
骈:	1	0	0
羽:	1	0	0
创:	1	0	0
谌:	1	0	0
裨:	1	0	0
答:	1	0	0
俱:	1	0	0
舟:	1	0	0
盪:	1	0	0
奡:	1	0	0
羿:	1	0	0
宪:	1	0	0
戎:	1	0	0
占:	1	0	0
羞:	1	0	0
医:	1	0	0
算:	1	0	0
筲:	1	0	0
族:	1	0	0
证:	1	0	0
攘:	1	0	0
莒:	1	0	0
残:	1	0	0
媵:	1	0	0
仆:	1	0	0
完:	1	0	0
荆:	1	0	0
专:	1	0	0
襁:	1	0	0
须:	1	0	0
农:	1	0	0
茍:	1	0	0
措:	1	0	0
迂:	1	0	0
辅:	1	0	0
伊:	1	0	0
陶:	1	0	0
皋:	1	0	0
赏:	1	0	0
帅:	1	0	0
狱:	1	0	0
折:	1	0	0
片:	1	0	0
祇:	1	0	0
豹:	1	0	0
舌:	1	0	0
棘:	1	0	0
疚:	1	0	0
咏:	1	0	0
沂:	1	0	0
撰:	1	0	0
铿:	1	0	0
甫:	1	0	0
馑:	1	0	0
率:	1	0	0
读:	1	0	0
具:	1	0	0
兼:	1	0	0
感:	1	0	0
迹:	1	0	0
践:	1	0	0
殖:	1	0	0
奇:	1	0	0
喭:	1	0	0
柴:	1	0	0
附:	1	0	0
敛:	1	0	0
聚:	1	0	0
仍:	1	0	0
府:	1	0	0
棺:	1	0	0
昆:	1	0	0
嗅:	1	0	0
雉:	1	0	0
雌:	1	0	0
梁:	1	0	0
集:	1	0	0
翔:	1	0	0
烈:	1	0	0
雷:	1	0	0
迅:	1	0	0
版:	1	0	0
凶:	1	0	0
尸:	1	0	0
殡:	1	0	0
驾:	1	0	0
拖:	1	0	0
畜:	1	0	0
荐:	1	0	0
熟:	1	0	0
腥:	1	0	0
焚:	1	0	0
厩:	1	0	0
药:	1	0	0
送:	1	0	0
阼:	1	0	0
傩:	1	0	0
羹:	1	0	0
菜:	1	0	0
姜:	1	0	0
撤:	1	0	0
脯:	1	0	0
酱:	1	0	0
饪:	1	0	0
臭:	1	0	0
餲:	1	0	0
饐:	1	0	0
细:	1	0	0
脍:	1	0	0
精:	1	0	0
布:	1	0	0
吉:	1	0	0
弔:	1	0	0
帷:	1	0	0
佩:	1	0	0
袂:	1	0	0
狐:	1	0	0
黄:	1	0	0
麑:	1	0	0
表:	1	0	0
绤:	1	0	0
絺:	1	0	0
袗:	1	0	0
暑:	1	0	0
红:	1	0	0
緅:	1	0	0
绀:	1	0	0
觌:	1	0	0
享:	1	0	0
逞:	1	0	0
等:	1	0	0
息:	1	0	0
阈:	1	0	0
檐:	1	0	0
摈:	1	0	0
廷:	1	0	0
偏:	1	0	0
棣:	1	0	0
彫:	1	0	0
忮:	1	0	0
貉:	1	0	0
袍:	1	0	0
缊:	1	0	0
敝:	1	0	0
巽:	1	0	0
苗:	1	0	0
惰:	1	0	0
勉:	1	0	0
卿:	1	0	0
韫:	1	0	0
卓:	1	0	0
罢:	1	0	0
诱:	1	0	0
牢:	1	0	0
兹:	1	0	0
意:	1	0	0
麻:	1	0	0
罕:	1	0	0
恤:	1	0	0
卑:	1	0	0
黻:	1	0	0
菲:	1	0	0
焕:	1	0	0
侗:	1	0	0
寄:	1	0	0
託:	1	0	0
校:	1	0	0
笾:	1	0	0
倍:	1	0	0
偷:	1	0	0
遗:	1	0	0
葸:	1	0	0
太:	1	0	0
祗:	1	0	0
诔:	1	0	0
保:	1	0	0
互:	1	0	0
虚:	1	0	0
魋:	1	0	0
怪:	1	0	0
枕:	1	0	0
肱:	1	0	0
曲:	1	0	0
味:	1	0	0
鞭:	1	0	0
冯:	1	0	0
悱:	1	0	0
依:	1	0	0
据:	1	0	0
梦:	1	0	0
燕:	1	0	0
默:	1	0	0
彭:	1	0	0
济:	1	0	0
庸:	1	0	0
否:	1	0	0
陷:	1	0	0
井:	1	0	0
寿:	1	0	0
静:	1	0	0
策:	1	0	0
殿:	1	0	0
奔:	1	0	0
径:	1	0	0
台:	1	0	0
澹:	1	0	0
画:	1	0	0
堪:	1	0	0
瓢:	1	0	0
箪:	1	0	0
牖:	1	0	0
汶:	1	0	0
角:	1	0	0
骍:	1	0	0
犁:	1	0	0
急:	1	0	0
肥:	1	0	0
秉:	1	0	0
庾:	1	0	0
釜:	1	0	0
贰:	1	0	0
怒:	1	0	0
迁:	1	0	0
桑:	1	0	0
憾:	1	0	0
匿:	1	0	0
腌:	1	0	0
念:	1	0	0
裁:	1	0	0
斐:	1	0	0
梲:	1	0	0
藻:	1	0	0
慾:	1	0	0
诛:	1	0	0
粪:	1	0	0
带:	1	0	0
赋:	1	0	0
材:	1	0	0
桴:	1	0	0
开:	1	0	0
漆:	1	0	0
憎:	1	0	0
给:	1	0	0
琏:	1	0	0
瑚:	1	0	0
戮:	1	0	0
冶:	1	0	0
夕:	1	0	0
沛:	1	0	0
造:	1	0	0
铎:	1	0	0
封:	1	0	0
仪:	1	0	0
缴:	1	0	0
翕:	1	0	0
咎:	1	0	0
饩:	1	0	0
朔:	1	0	0
科:	1	0	0
皮:	1	0	0
鄹:	1	0	0
灶:	1	0	0
奥:	1	0	0
掌:	1	0	0
示:	1	0	0
灌:	1	0	0
献:	1	0	0
杞:	1	0	0
绘:	1	0	0
绚:	1	0	0
盼:	1	0	0
倩:	1	0	0
唿:	1	0	0
呜:	1	0	0
救:	1	0	0
维:	1	0	0
佾:	1	0	0
軏:	1	0	0
輗:	1	0	0
慈:	1	0	0
懿:	1	0	0
矩:	1	0	0
邪:	1	0	0
星:	1	0	0
辰:	1	0	0
北:	1	0	0
琢:	1	0	0
凡:	1	0	0
─:	1	0	0
