Using a 4-gram for the Lunyu:
Xi quoted 62 verses a total of 151 times.
Han quoted 86 verses a total of 145 times.
Tang quoted 147 verses a total of 404 times.

Verse		Total	Xi	Han	Tang
1.1		4	4	0	0
1.2		7	1	2	4
1.3		0	0	0	0
1.4		1	1	0	0
1.5		0	0	0	0
1.6		0	0	0	0
1.7		2	2	0	0
1.8		0	0	0	0
1.9		3	1	0	2
1.10		3	0	0	3
1.11		2	0	0	2
1.12		7	1	0	6
1.13		1	0	0	1
1.14		0	0	0	0
1.15		2	0	0	2
1.16		1	1	0	0
2.1		3	2	0	1
2.2		1	1	0	0
2.3		5	0	0	5
2.4		4	4	0	0
2.5		0	0	0	0
2.6		0	0	0	0
2.7		0	0	0	0
2.8		0	0	0	0
2.9		0	0	0	0
2.10		0	0	0	0
2.11		3	2	0	1
2.12		0	0	0	0
2.13		0	0	0	0
2.14		0	0	0	0
2.15		2	2	0	0
2.16		0	0	0	0
2.17		0	0	0	0
2.18		3	0	2	1
2.19		0	0	0	0
2.20		2	0	1	1
2.21		5	0	0	5
2.22		3	3	0	0
2.23		1	0	0	1
2.24		0	0	0	0
3.1		1	0	0	1
3.2		0	0	0	0
3.3		0	0	0	0
3.4		1	0	1	0
3.5		0	0	0	0
3.6		1	0	1	0
3.7		0	0	0	0
3.8		2	0	0	2
3.9		0	0	0	0
3.10		0	0	0	0
3.11		5	0	3	2
3.12		2	0	1	1
3.13		0	0	0	0
3.14		2	0	2	0
3.15		0	0	0	0
3.16		5	0	3	2
3.17		0	0	0	0
3.18		0	0	0	0
3.19		1	0	0	1
3.20		1	1	0	0
3.21		0	0	0	0
3.22		0	0	0	0
3.23		0	0	0	0
3.24		2	0	0	2
3.25		1	0	0	1
3.26		0	0	0	0
4.1		0	0	0	0
4.2		6	0	0	6
4.3		1	0	1	0
4.4		0	0	0	0
4.5		0	0	0	0
4.6		2	0	2	0
4.7		2	0	1	1
4.8		0	0	0	0
4.9		0	0	0	0
4.10		4	0	2	2
4.11		0	0	0	0
4.12		0	0	0	0
4.13		1	0	0	1
4.14		0	0	0	0
4.15		6	4	0	2
4.16		1	1	0	0
4.17		5	5	0	0
4.18		0	0	0	0
4.19		0	0	0	0
4.20		2	0	0	2
4.21		1	0	1	0
4.22		0	0	0	0
4.23		2	0	1	1
4.24		1	0	0	1
4.25		2	2	0	0
4.26		0	0	0	0
5.1		1	0	0	1
5.2		0	0	0	0
5.3		0	0	0	0
5.4		0	0	0	0
5.5		1	0	1	0
5.6		0	0	0	0
5.7		0	0	0	0
5.8		0	0	0	0
5.9		0	0	0	0
5.10		0	0	0	0
5.11		0	0	0	0
5.12		0	0	0	0
5.13		8	0	0	8
5.14		0	0	0	0
5.15		1	1	0	0
5.16		2	0	1	1
5.17		0	0	0	0
5.18		0	0	0	0
5.19		0	0	0	0
5.20		1	1	0	0
5.21		0	0	0	0
5.22		1	0	0	1
5.23		1	0	1	0
5.24		0	0	0	0
5.25		0	0	0	0
5.26		1	0	0	1
5.27		0	0	0	0
5.28		4	0	1	3
6.1		0	0	0	0
6.2		2	0	0	2
6.3		1	0	0	1
6.4		1	0	0	1
6.5		1	0	1	0
6.6		1	0	0	1
6.7		0	0	0	0
6.8		2	0	0	2
6.9		1	0	1	0
6.10		1	0	1	0
6.11		0	0	0	0
6.12		1	0	1	0
6.13		0	0	0	0
6.14		0	0	0	0
6.15		0	0	0	0
6.16		0	0	0	0
6.17		1	0	0	1
6.18		1	0	1	0
6.19		1	0	1	0
6.20		1	1	0	0
6.21		0	0	0	0
6.22		0	0	0	0
6.23		1	1	0	0
6.24		0	0	0	0
6.25		0	0	0	0
6.26		0	0	0	0
6.27		1	0	0	1
6.28		1	0	1	0
6.29		2	0	0	2
6.30		4	2	0	2
7.1		0	0	0	0
7.2		1	1	0	0
7.3		7	0	2	5
7.4		0	0	0	0
7.5		0	0	0	0
7.6		0	0	0	0
7.7		0	0	0	0
7.8		0	0	0	0
7.9		0	0	0	0
7.10		0	0	0	0
7.11		4	0	0	4
7.12		0	0	0	0
7.13		0	0	0	0
7.14		0	0	0	0
7.15		1	0	1	0
7.16		4	1	2	1
7.17		0	0	0	0
7.18		0	0	0	0
7.19		0	0	0	0
7.20		0	0	0	0
7.21		0	0	0	0
7.22		2	1	0	1
7.23		0	0	0	0
7.24		0	0	0	0
7.25		2	0	0	2
7.26		0	0	0	0
7.27		1	1	0	0
7.28		2	1	0	1
7.29		1	0	0	1
7.30		3	0	0	3
7.31		1	0	1	0
7.32		0	0	0	0
7.33		1	0	0	1
7.34		1	1	0	0
7.35		0	0	0	0
7.36		1	0	0	1
7.37		2	1	1	0
7.38		0	0	0	0
8.1		10	0	0	10
8.2		1	0	1	0
8.3		17	3	8	6
8.4		2	0	1	1
8.5		1	0	0	1
8.6		6	1	3	2
8.7		13	9	0	4
8.8		0	0	0	0
8.9		0	0	0	0
8.10		0	0	0	0
8.11		0	0	0	0
8.12		0	0	0	0
8.13		1	0	1	0
8.14		0	0	0	0
8.15		0	0	0	0
8.16		0	0	0	0
8.17		0	0	0	0
8.18		8	0	1	7
8.19		4	2	0	2
8.20		10	0	3	7
8.21		3	0	1	2
9.1		0	0	0	0
9.2		0	0	0	0
9.3		0	0	0	0
9.4		0	0	0	0
9.5		1	0	0	1
9.6		0	0	0	0
9.7		0	0	0	0
9.8		0	0	0	0
9.9		0	0	0	0
9.10		0	0	0	0
9.11		4	0	2	2
9.12		1	0	1	0
9.13		0	0	0	0
9.14		0	0	0	0
9.15		6	3	2	1
9.16		0	0	0	0
9.17		2	0	1	1
9.18		0	0	0	0
9.19		0	0	0	0
9.20		0	0	0	0
9.21		0	0	0	0
9.22		2	0	0	2
9.23		2	0	0	2
9.24		1	0	0	1
9.25		0	0	0	0
9.26		0	0	0	0
9.27		0	0	0	0
9.28		2	0	1	1
9.29		0	0	0	0
9.30		0	0	0	0
10.1		1	0	0	1
10.2		0	0	0	0
10.3		0	0	0	0
10.4		0	0	0	0
10.5		0	0	0	0
10.6		0	0	0	0
10.7		0	0	0	0
10.8		0	0	0	0
10.9		0	0	0	0
10.10		0	0	0	0
10.11		0	0	0	0
10.12		0	0	0	0
10.13		0	0	0	0
10.14		0	0	0	0
10.15		0	0	0	0
10.16		0	0	0	0
10.17		0	0	0	0
10.18		0	0	0	0
10.19		0	0	0	0
10.20		0	0	0	0
11.1		0	0	0	0
11.2		0	0	0	0
11.3		0	0	0	0
11.4		1	0	1	0
11.5		0	0	0	0
11.6		0	0	0	0
11.7		1	0	0	1
11.8		0	0	0	0
11.9		0	0	0	0
11.10		0	0	0	0
11.11		0	0	0	0
11.12		0	0	0	0
11.13		0	0	0	0
11.14		1	0	1	0
11.15		0	0	0	0
11.16		0	0	0	0
11.17		1	0	0	1
11.18		0	0	0	0
11.19		0	0	0	0
11.20		0	0	0	0
11.21		0	0	0	0
11.22		2	0	0	2
11.23		1	0	0	1
11.24		7	2	1	4
12.1		6	0	1	5
12.2		12	12	0	0
12.3		0	0	0	0
12.4		0	0	0	0
12.5		11	2	2	7
12.6		1	0	0	1
12.7		12	1	1	10
12.8		0	0	0	0
12.9		10	0	1	9
12.10		0	0	0	0
12.11		2	0	0	2
12.12		0	0	0	0
12.13		1	0	0	1
12.14		0	0	0	0
12.15		1	0	0	1
12.16		5	0	3	2
12.17		2	1	1	0
12.18		0	0	0	0
12.19		1	0	0	1
12.20		1	0	0	1
12.21		0	0	0	0
12.22		1	0	0	1
12.23		0	0	0	0
12.24		0	0	0	0
13.1		0	0	0	0
13.2		1	0	0	1
13.3		8	0	5	3
13.4		1	0	0	1
13.5		2	0	0	2
13.6		0	0	0	0
13.7		3	0	0	3
13.8		0	0	0	0
13.9		0	0	0	0
13.10		1	0	0	1
13.11		3	0	0	3
13.12		0	0	0	0
13.13		0	0	0	0
13.14		0	0	0	0
13.15		6	0	0	6
13.16		0	0	0	0
13.17		2	1	0	1
13.18		5	0	5	0
13.19		1	0	1	0
13.20		5	3	0	2
13.21		1	1	0	0
13.22		4	0	1	3
13.23		21	21	0	0
13.24		1	1	0	0
13.25		1	1	0	0
13.26		0	0	0	0
13.27		0	0	0	0
13.28		0	0	0	0
13.29		0	0	0	0
13.30		2	0	0	2
14.1		0	0	0	0
14.2		1	0	1	0
14.3		0	0	0	0
14.4		0	0	0	0
14.5		1	0	0	1
14.6		1	0	0	1
14.7		0	0	0	0
14.8		0	0	0	0
14.9		0	0	0	0
14.10		0	0	0	0
14.11		0	0	0	0
14.12		5	0	0	5
14.13		2	0	0	2
14.14		0	0	0	0
14.15		0	0	0	0
14.16		0	0	0	0
14.17		7	0	0	7
14.18		0	0	0	0
14.19		0	0	0	0
14.20		0	0	0	0
14.21		1	0	1	0
14.22		0	0	0	0
14.23		0	0	0	0
14.24		0	0	0	0
14.25		1	0	0	1
14.26		0	0	0	0
14.27		0	0	0	0
14.28		0	0	0	0
14.29		0	0	0	0
14.30		0	0	0	0
14.31		1	1	0	0
14.32		0	0	0	0
14.33		1	0	1	0
14.34		0	0	0	0
14.35		4	1	2	1
14.36		0	0	0	0
14.37		0	0	0	0
14.38		0	0	0	0
14.39		1	0	0	1
14.40		0	0	0	0
14.41		4	0	3	1
14.42		0	0	0	0
14.43		7	0	2	5
14.44		0	0	0	0
14.45		0	0	0	0
15.1		5	0	0	5
15.2		0	0	0	0
15.3		5	4	0	1
15.4		0	0	0	0
15.5		1	0	0	1
15.6		3	0	1	2
15.7		0	0	0	0
15.8		1	0	0	1
15.9		2	1	1	0
15.10		1	0	1	0
15.11		0	0	0	0
15.12		1	1	0	0
15.13		0	0	0	0
15.14		0	0	0	0
15.45		0	0	0	0
15.46		1	0	0	1
15.17		0	0	0	0
15.18		3	3	0	0
15.19		1	1	0	0
15.20		0	0	0	0
15.21		0	0	0	0
15.22		0	0	0	0
15.23		0	0	0	0
15.24		12	12	0	0
15.25		1	0	0	1
15.26		0	0	0	0
15.27		0	0	0	0
15.28		0	0	0	0
15.29		0	0	0	0
15.30		3	0	3	0
15.31		0	0	0	0
15.32		3	0	2	1
15.33		0	0	0	0
15.34		0	0	0	0
15.35		0	0	0	0
15.36		1	1	0	0
15.37		0	0	0	0
15.38		0	0	0	0
15.39		1	1	0	0
15.40		0	0	0	0
15.41		0	0	0	0
15.42		0	0	0	0
16.1		22	4	4	14
16.2		1	0	0	1
16.3		0	0	0	0
16.4		1	1	0	0
16.5		0	0	0	0
16.6		0	0	0	0
16.7		0	0	0	0
16.8		1	0	1	0
16.9		0	0	0	0
16.10		0	0	0	0
16.11		1	0	0	1
16.12		4	0	1	3
16.13		0	0	0	0
16.14		0	0	0	0
17.1		0	0	0	0
17.2		0	0	0	0
17.3		0	0	0	0
17.4		0	0	0	0
17.5		3	1	1	1
17.6		2	0	0	2
17.7		0	0	0	0
17.8		1	0	0	1
17.9		0	0	0	0
17.10		0	0	0	0
17.11		0	0	0	0
17.12		0	0	0	0
17.13		1	0	0	1
17.14		0	0	0	0
17.15		0	0	0	0
17.16		1	0	1	0
17.17		1	0	0	1
17.18		0	0	0	0
17.19		7	0	1	6
17.20		1	0	1	0
17.21		2	2	0	0
17.22		0	0	0	0
17.23		0	0	0	0
17.24		0	0	0	0
18.1		0	0	0	0
18.2		2	0	0	2
18.3		0	0	0	0
18.4		0	0	0	0
18.5		1	1	0	0
18.6		1	0	0	1
18.7		24	0	2	22
18.8		2	0	1	1
18.9		0	0	0	0
18.10		1	0	1	0
18.11		0	0	0	0
19.1		3	0	0	3
19.2		2	0	2	0
19.3		0	0	0	0
19.4		3	0	0	3
19.5		0	0	0	0
19.6		2	0	2	0
19.7		0	0	0	0
19.8		0	0	0	0
19.9		0	0	0	0
19.10		0	0	0	0
19.11		0	0	0	0
19.12		4	0	1	3
19.13		0	0	0	0
19.14		0	0	0	0
19.15		0	0	0	0
19.16		0	0	0	0
19.17		0	0	0	0
19.18		3	0	1	2
19.19		3	0	2	1
19.20		4	0	0	4
19.21		1	0	0	1
19.22		10	0	0	10
19.23		2	0	1	1
19.24		0	0	0	0
19.25		4	1	1	2
20.1		46	0	11	35
20.2		1	0	0	1
20.3		0	0	0	0


